0 1
0.00789345 0.999922
0.0157869 0.999688
0.0236803 0.999299
0.0315738 0.998754
0.0394672 0.998053
0.0473607 0.997197
0.0552541 0.996185
0.0631476 0.995017
0.071041 0.993694
0.0789345 0.992216
0.0868279 0.990582
0.0947214 0.988793
0.102615 0.986849
0.110508 0.98475
0.118402 0.982497
0.126295 0.980088
0.134189 0.977526
0.142082 0.974808
0.149976 0.971937
0.157869 0.968911
0.165762 0.965732
0.173656 0.962399
0.181549 0.958913
0.189443 0.955273
0.197336 0.951481
0.20523 0.947536
0.213123 0.943438
0.221017 0.939188
0.22891 0.934786
0.236803 0.930232
0.244697 0.925527
0.25259 0.920671
0.260484 0.915664
0.268377 0.910506
0.276271 0.905198
0.284164 0.899741
0.292058 0.894134
0.299951 0.888377
0.307845 0.882472
0.315738 0.876419
0.323631 0.870217
0.331525 0.863868
0.339418 0.857371
0.347312 0.850728
0.355205 0.843938
0.363099 0.837002
0.370992 0.82992
0.378886 0.822694
0.386779 0.815322
0.394672 0.807806
0.402566 0.800147
0.410459 0.792344
0.418353 0.784398
0.426246 0.77631
0.43414 0.768081
0.442033 0.75971
0.449927 0.751198
0.45782 0.742545
0.465713 0.733753
0.473607 0.724822
0.4815 0.715753
0.489394 0.706545
0.497287 0.6972
0.505181 0.687718
0.513074 0.678099
0.520968 0.668345
0.528861 0.658456
0.536755 0.648432
0.544648 0.638274
0.552541 0.627984
0.560435 0.61756
0.568328 0.607005
0.576222 0.596318
0.584115 0.585501
0.592009 0.574554
0.599902 0.563477
0.607796 0.552272
0.615689 0.540939
0.623582 0.529479
0.631476 0.517893
0.639369 0.506181
0.647263 0.494343
0.655156 0.482382
0.66305 0.470297
0.670943 0.458089
0.678837 0.445759
0.68673 0.433308
0.694624 0.420737
0.702517 0.408046
0.71041 0.395236
0.718304 0.382308
0.726197 0.369262
0.734091 0.3561
0.741984 0.342823
0.749878 0.329431
0.757771 0.315924
0.765665 0.302305
0.773558 0.288573
0.781451 0.27473
0.789345 0.260776
0.797238 0.246713
0.805132 0.232541
0.813025 0.21826
0.820919 0.203873
0.828812 0.18938
0.836706 0.174781
0.844599 0.160078
0.852492 0.145271
0.860386 0.130362
0.868279 0.115352
0.876173 0.100241
0.884066 0.0850296
0.89196 0.0697199
0.899853 0.0543124
0.907747 0.0388081
0.91564 0.0232079
0.923534 0.00751277
0.931427 -0.00827628
0.93932 -0.0241583
0.947214 -0.0401322
0.955107 -0.0561971
0.963001 -0.072352
0.970894 -0.0885958
0.978788 -0.104928
0.986681 -0.121346
0.994575 -0.137851
1.00247 -0.15444
1.01036 -0.171114
1.01825 -0.18787
1.02615 -0.204707
1.03404 -0.221626
1.04194 -0.238624
1.04983 -0.255701
1.05772 -0.272855
1.06562 -0.290086
1.07351 -0.307392
1.0814 -0.324773
1.0893 -0.342226
1.09719 -0.359752
1.10508 -0.377349
1.11298 -0.395016
1.12087 -0.412751
1.12876 -0.430555
1.13666 -0.448425
1.14455 -0.46636
1.15244 -0.48436
1.16034 -0.502424
1.16823 -0.520549
1.17612 -0.538735
1.18402 -0.556982
1.19191 -0.575287
1.1998 -0.593649
1.2077 -0.612069
1.21559 -0.630543
1.22348 -0.649072
1.23138 -0.667653
1.23927 -0.686287
1.24716 -0.704971
1.25506 -0.723705
1.26295 -0.742487
1.27085 -0.761316
1.27874 -0.780192
1.28663 -0.799112
1.29453 -0.818076
1.30242 -0.837082
1.31031 -0.85613
1.31821 -0.875218
1.3261 -0.894344
1.33399 -0.913509
1.34189 -0.93271
1.34978 -0.951946
1.35767 -0.971217
1.36557 -0.99052
1.37346 -1.00986
1.38135 -1.02922
1.38925 -1.04862
1.39714 -1.06804
1.40503 -1.08749
1.41293 -1.10696
1.42082 -1.12647
1.42871 -1.14599
1.43661 -1.16553
1.4445 -1.1851
1.45239 -1.20469
1.46029 -1.22429
1.46818 -1.24391
1.47607 -1.26355
1.48397 -1.2832
1.49186 -1.30287
1.49976 -1.32255
1.50765 -1.34224
1.51554 -1.36193
1.52344 -1.38164
1.53133 -1.40136
1.53922 -1.42108
1.54712 -1.4408
1.55501 -1.46053
1.5629 -1.48027
1.5708 -1.5
