0 1.83333
0.00789345 1.83326
0.0157869 1.83302
0.0236803 1.83263
0.0315738 1.83209
0.0394672 1.83139
0.0473607 1.83053
0.0552541 1.82952
0.0631476 1.82835
0.071041 1.82703
0.0789345 1.82555
0.0868279 1.82392
0.0947214 1.82213
0.102615 1.82018
0.110508 1.81808
0.118402 1.81583
0.126295 1.81342
0.134189 1.81086
0.142082 1.80814
0.149976 1.80527
0.157869 1.80224
0.165762 1.79907
0.173656 1.79573
0.181549 1.79225
0.189443 1.78861
0.197336 1.78481
0.20523 1.78087
0.213123 1.77677
0.221017 1.77252
0.22891 1.76812
0.236803 1.76357
0.244697 1.75886
0.25259 1.754
0.260484 1.749
0.268377 1.74384
0.276271 1.73853
0.284164 1.73307
0.292058 1.72747
0.299951 1.72171
0.307845 1.71581
0.315738 1.70975
0.323631 1.70355
0.331525 1.6972
0.339418 1.6907
0.347312 1.68406
0.355205 1.67727
0.363099 1.67034
0.370992 1.66325
0.378886 1.65603
0.386779 1.64866
0.394672 1.64114
0.402566 1.63348
0.410459 1.62568
0.418353 1.61773
0.426246 1.60964
0.43414 1.60141
0.442033 1.59304
0.449927 1.58453
0.45782 1.57588
0.465713 1.56709
0.473607 1.55816
0.4815 1.54909
0.489394 1.53988
0.497287 1.53053
0.505181 1.52105
0.513074 1.51143
0.520968 1.50168
0.528861 1.49179
0.536755 1.48177
0.544648 1.47161
0.552541 1.46132
0.560435 1.45089
0.568328 1.44034
0.576222 1.42965
0.584115 1.41883
0.592009 1.40789
0.599902 1.39681
0.607796 1.38561
0.615689 1.37427
0.623582 1.36281
0.631476 1.35123
0.639369 1.33951
0.647263 1.32768
0.655156 1.31572
0.66305 1.30363
0.670943 1.29142
0.678837 1.27909
0.68673 1.26664
0.694624 1.25407
0.702517 1.24138
0.71041 1.22857
0.718304 1.21564
0.726197 1.2026
0.734091 1.18943
0.741984 1.17616
0.749878 1.16276
0.757771 1.14926
0.765665 1.13564
0.773558 1.12191
0.781451 1.10806
0.789345 1.09411
0.797238 1.08005
0.805132 1.06587
0.813025 1.05159
0.820919 1.03721
0.828812 1.02271
0.836706 1.00811
0.844599 0.993411
0.852492 0.978605
0.860386 0.963696
0.868279 0.948685
0.876173 0.933574
0.884066 0.918363
0.89196 0.903053
0.899853 0.887646
0.907747 0.872141
0.91564 0.856541
0.923534 0.840846
0.931427 0.825057
0.93932 0.809175
0.947214 0.793201
0.955107 0.777136
0.963001 0.760981
0.970894 0.744738
0.978788 0.728406
0.986681 0.711987
0.994575 0.695483
1.00247 0.678893
1.01036 0.66222
1.01825 0.645464
1.02615 0.628626
1.03404 0.611707
1.04194 0.594709
1.04983 0.577632
1.05772 0.560478
1.06562 0.543247
1.07351 0.525941
1.0814 0.508561
1.0893 0.491107
1.09719 0.473581
1.10508 0.455984
1.11298 0.438318
1.12087 0.420582
1.12876 0.402779
1.13666 0.384908
1.14455 0.366973
1.15244 0.348973
1.16034 0.33091
1.16823 0.312784
1.17612 0.294598
1.18402 0.276352
1.19191 0.258047
1.1998 0.239684
1.2077 0.221265
1.21559 0.20279
1.22348 0.184262
1.23138 0.16568
1.23927 0.147046
1.24716 0.128362
1.25506 0.109628
1.26295 0.0908463
1.27085 0.072017
1.27874 0.0531416
1.28663 0.0342214
1.29453 0.0152575
1.30242 -0.00374882
1.31031 -0.0227965
1.31821 -0.0418843
1.3261 -0.061011
1.33399 -0.0801754
1.34189 -0.0993764
1.34978 -0.118613
1.35767 -0.137883
1.36557 -0.157187
1.37346 -0.176522
1.38135 -0.195888
1.38925 -0.215283
1.39714 -0.234706
1.40503 -0.254156
1.41293 -0.273632
1.42082 -0.293132
1.42871 -0.312655
1.43661 -0.332201
1.4445 -0.351767
1.45239 -0.371353
1.46029 -0.390958
1.46818 -0.41058
1.47607 -0.430217
1.48397 -0.449869
1.49186 -0.469535
1.49976 -0.489213
1.50765 -0.508903
1.51554 -0.528602
1.52344 -0.548309
1.53133 -0.568024
1.53922 -0.587745
1.54712 -0.607471
1.55501 -0.627201
1.5629 -0.646933
1.5708 -0.666667
