0 1
0.0317333 1.03123
0.0634665 1.06145
0.0951998 1.09067
0.126933 1.11889
0.158666 1.14611
0.1904 1.17233
0.222133 1.19756
0.253866 1.22181
0.285599 1.24509
0.317333 1.2674
0.349066 1.28876
0.380799 1.30917
0.412532 1.32864
0.444266 1.34719
0.475999 1.36483
0.507732 1.38158
0.539465 1.39745
0.571199 1.41245
0.602932 1.42661
0.634665 1.43994
0.666398 1.45245
0.698132 1.46418
0.729865 1.47513
0.761598 1.48533
0.793331 1.49481
0.825065 1.50357
0.856798 1.51166
0.888531 1.51908
0.920265 1.52587
0.951998 1.53205
0.983731 1.53765
1.01546 1.54269
1.0472 1.5472
1.07893 1.5512
1.11066 1.55473
1.1424 1.55781
1.17413 1.56048
1.20586 1.56275
1.2376 1.56467
1.26933 1.56625
1.30106 1.56754
1.3328 1.56856
1.36453 1.56934
1.39626 1.56991
1.428 1.57031
1.45973 1.57057
1.49146 1.57071
1.5232 1.57078
1.55493 1.5708
1.58666 1.5708
1.6184 1.57081
1.65013 1.57088
1.68186 1.57102
1.7136 1.57128
1.74533 1.57168
1.77706 1.57226
1.8088 1.57304
1.84053 1.57406
1.87226 1.57534
1.904 1.57693
1.93573 1.57884
1.96746 1.58112
1.9992 1.58378
2.03093 1.58686
2.06266 1.59039
2.0944 1.5944
2.12613 1.5989
2.15786 1.60394
2.18959 1.60954
2.22133 1.61572
2.25306 1.62251
2.28479 1.62993
2.31653 1.63802
2.34826 1.64679
2.37999 1.65626
2.41173 1.66646
2.44346 1.67742
2.47519 1.68914
2.50693 1.70166
2.53866 1.71498
2.57039 1.72914
2.60213 1.74414
2.63386 1.76001
2.66559 1.77676
2.69733 1.7944
2.72906 1.81295
2.76079 1.83243
2.79253 1.85283
2.82426 1.87419
2.85599 1.8965
2.88773 1.91978
2.91946 1.94403
2.95119 1.96926
2.98293 1.99549
3.01466 2.0227
3.04639 2.05092
3.07813 2.08014
3.10986 2.11036
3.14159 2.14159
