-10 -12.1606
-9.93311 -12.0204
-9.86622 -11.8907
-9.79933 -11.7708
-9.73244 -11.6603
-9.66555 -11.5588
-9.59866 -11.466
-9.53177 -11.3817
-9.46488 -11.3058
-9.39799 -11.2381
-9.3311 -11.1786
-9.26421 -11.1274
-9.19732 -11.0847
-9.13043 -11.0507
-9.06355 -11.0256
-8.99666 -11.0098
-8.92977 -11.0038
-8.86288 -11.008
-8.79599 -11.0231
-8.7291 -11.0497
-8.66221 -11.0885
-8.59532 -11.1404
-8.52843 -11.2062
-8.46154 -11.2867
-8.39465 -11.383
-8.32776 -11.496
-8.26087 -11.6267
-8.19398 -11.7761
-8.12709 -11.945
-8.0602 -12.1344
-7.99331 -12.345
-7.92642 -12.5773
-7.85953 -12.8319
-7.79264 -13.1087
-7.72575 -13.4078
-7.65886 -13.7286
-7.59197 -14.0703
-7.52508 -14.4314
-7.45819 -14.8102
-7.3913 -15.2043
-7.32441 -15.6107
-7.25753 -16.0259
-7.19064 -16.4459
-7.12375 -16.8661
-7.05686 -17.2814
-6.98997 -17.6862
-6.92308 -18.0748
-6.85619 -18.4412
-6.7893 -18.7793
-6.72241 -19.0831
-6.65552 -19.3468
-6.58863 -19.5653
-6.52174 -19.7336
-6.45485 -19.848
-6.38796 -19.905
-6.32107 -19.9027
-6.25418 -19.8399
-6.18729 -19.7164
-6.1204 -19.5333
-6.05351 -19.2927
-5.98662 -18.9975
-5.91973 -18.6517
-5.85284 -18.2598
-5.78595 -17.8273
-5.71906 -17.3596
-5.65217 -16.8629
-5.58528 -16.3431
-5.51839 -15.8063
-5.45151 -15.2583
-5.38462 -14.7047
-5.31773 -14.1506
-5.25084 -13.6007
-5.18395 -13.0591
-5.11706 -12.5294
-5.05017 -12.0147
-4.98328 -11.5173
-4.91639 -11.0392
-4.8495 -10.5818
-4.78261 -10.146
-4.71572 -9.7324
-4.64883 -9.34112
-4.58194 -8.97207
-4.51505 -8.62486
-4.44816 -8.29893
-4.38127 -7.99354
-4.31438 -7.70786
-4.24749 -7.44096
-4.1806 -7.19188
-4.11371 -6.95964
-4.04682 -6.74327
-3.97993 -6.54181
-3.91304 -6.35436
-3.84615 -6.18006
-3.77926 -6.0181
-3.71237 -5.86774
-3.64548 -5.72832
-3.5786 -5.59923
-3.51171 -5.47997
-3.44482 -5.37007
-3.37793 -5.26917
-3.31104 -5.17697
-3.24415 -5.09323
-3.17726 -5.01782
-3.11037 -4.95066
-3.04348 -4.89174
-2.97659 -4.84114
-2.9097 -4.799
-2.84281 -4.76553
-2.77592 -4.74104
-2.70903 -4.72589
-2.64214 -4.72053
-2.57525 -4.72547
-2.50836 -4.7413
-2.44147 -4.76869
-2.37458 -4.80837
-2.30769 -4.86114
-2.2408 -4.92786
-2.17391 -5.00943
-2.10702 -5.10681
-2.04013 -5.22096
-1.97324 -5.35287
-1.90635 -5.5035
-1.83946 -5.67378
-1.77258 -5.86454
-1.70569 -6.07653
-1.6388 -6.31034
-1.57191 -6.56636
-1.50502 -6.84472
-1.43813 -7.14527
-1.37124 -7.46749
-1.30435 -7.81048
-1.23746 -8.17285
-1.17057 -8.55273
-1.10368 -8.94771
-1.03679 -9.35481
-0.9699 -9.7705
-0.90301 -10.1907
-0.83612 -10.6107
-0.769231 -11.0254
-0.702341 -11.4294
-0.635452 -11.8167
-0.568562 -12.1814
-0.501672 -12.5174
-0.434783 -12.8187
-0.367893 -13.0796
-0.301003 -13.2949
-0.234114 -13.4598
-0.167224 -13.5704
-0.100334 -13.6236
-0.0334448 -13.6173
0.0334448 -13.5504
0.100334 -13.4229
0.167224 -13.2359
0.234114 -12.9915
0.301003 -12.6929
0.367893 -12.3438
0.434783 -11.9491
0.501672 -11.5141
0.568562 -11.0443
0.635452 -10.5458
0.702341 -10.0247
0.769231 -9.48698
0.83612 -8.93845
0.90301 -8.38466
0.9699 -7.8307
1.03679 -7.28123
1.10368 -6.74035
1.17057 -6.21159
1.23746 -5.69793
1.30435 -5.20178
1.37124 -4.72502
1.43813 -4.26901
1.50502 -3.83469
1.57191 -3.42255
1.6388 -3.03275
1.70569 -2.66516
1.77258 -2.31939
1.83946 -1.99485
1.90635 -1.69079
1.97324 -1.40639
2.04013 -1.1407
2.10702 -0.892765
2.17391 -0.661608
2.2408 -0.446255
2.30769 -0.245758
2.37458 -0.0592076
2.44147 0.114253
2.50836 0.275423
2.57525 0.425034
2.64214 0.563752
2.70903 0.692167
2.77592 0.810797
2.84281 0.920086
2.9097 1.0204
2.97659 1.11204
3.04348 1.19521
3.11037 1.27007
3.17726 1.33669
3.24415 1.39506
3.31104 1.44511
3.37793 1.48668
3.44482 1.51956
3.51171 1.54344
3.5786 1.55796
3.64548 1.56265
3.71237 1.55701
3.77926 1.54043
3.84615 1.51225
3.91304 1.47173
3.97993 1.41806
4.04682 1.35038
4.11371 1.26779
4.1806 1.16933
4.24749 1.05403
4.31438 0.920903
4.38127 0.768997
4.44816 0.59739
4.51505 0.405238
4.58194 0.191812
4.64883 -0.0434625
4.71572 -0.300959
4.78261 -0.580801
4.8495 -0.882809
4.91639 -1.20645
4.98328 -1.55076
5.05017 -1.91436
5.11706 -2.29532
5.18395 -2.6912
5.25084 -3.099
5.31773 -3.51512
5.38462 -3.93543
5.45151 -4.35526
5.51839 -4.76947
5.58528 -5.17251
5.65217 -5.55853
5.71906 -5.92151
5.78595 -6.25537
5.85284 -6.55416
5.91973 -6.81219
5.98662 -7.02424
6.05351 -7.18564
6.1204 -7.29251
6.18729 -7.34182
6.25418 -7.33151
6.32107 -7.26059
6.38796 -7.12912
6.45485 -6.93825
6.52174 -6.69017
6.58863 -6.38802
6.65552 -6.03581
6.72241 -5.63827
6.7893 -5.20071
6.85619 -4.72886
6.92308 -4.22869
6.98997 -3.70629
7.05686 -3.16766
7.12375 -2.61861
7.19064 -2.06465
7.25753 -1.51086
7.32441 -0.961835
7.3913 -0.421652
7.45819 0.10619
7.52508 0.618755
7.59197 1.11367
7.65886 1.58909
7.72575 2.04368
7.79264 2.47655
7.85953 2.88721
7.92642 3.27552
7.99331 3.64164
8.0602 3.98599
8.12709 4.30915
8.19398 4.61187
8.26087 4.89501
8.32776 5.15949
8.39465 5.40627
8.46154 5.63635
8.52843 5.85069
8.59532 6.05023
8.66221 6.23589
8.7291 6.40851
8.79599 6.56889
8.86288 6.71776
8.92977 6.85577
8.99666 6.98352
9.06355 7.10152
9.13043 7.2102
9.19732 7.30994
9.26421 7.401
9.3311 7.48362
9.39799 7.55794
9.46488 7.62401
9.53177 7.68183
9.59866 7.73132
9.66555 7.77232
9.73244 7.80461
9.79933 7.82789
9.86622 7.84176
9.93311 7.84579
10 7.83944
