-1 -2.71828
-0.984925 -2.56065
-0.969849 -2.41484
-0.954774 -2.27979
-0.939698 -2.15456
-0.924623 -2.0383
-0.909548 -1.93023
-0.894472 -1.82966
-0.879397 -1.73595
-0.864322 -1.64853
-0.849246 -1.56688
-0.834171 -1.49053
-0.819095 -1.41905
-0.80402 -1.35206
-0.788945 -1.28918
-0.773869 -1.2301
-0.758794 -1.17453
-0.743719 -1.12218
-0.728643 -1.07281
-0.713568 -1.02619
-0.698492 -0.98212
-0.683417 -0.940396
-0.668342 -0.900847
-0.653266 -0.863307
-0.638191 -0.827629
-0.623116 -0.793673
-0.60804 -0.761311
-0.592965 -0.730424
-0.577889 -0.700905
-0.562814 -0.672651
-0.547739 -0.645567
-0.532663 -0.619568
-0.517588 -0.594571
-0.502513 -0.570501
-0.487437 -0.547287
-0.472362 -0.524865
-0.457286 -0.503173
-0.442211 -0.482153
-0.427136 -0.461753
-0.41206 -0.441923
-0.396985 -0.422615
-0.38191 -0.403787
-0.366834 -0.385397
-0.351759 -0.367407
-0.336683 -0.349781
-0.321608 -0.332486
-0.306533 -0.31549
-0.291457 -0.298763
-0.276382 -0.282279
-0.261307 -0.266011
-0.246231 -0.249935
-0.231156 -0.234029
-0.21608 -0.218271
-0.201005 -0.202644
-0.18593 -0.187129
-0.170854 -0.171709
-0.155779 -0.156369
-0.140704 -0.141096
-0.125628 -0.125877
-0.110553 -0.110702
-0.0954774 -0.0955605
-0.080402 -0.0804438
-0.0653266 -0.0653448
-0.0502513 -0.0502576
-0.0351759 -0.0351774
-0.0201005 -0.0201007
-0.00502513 -0.00502513
0.0100503 0.0100502
0.0251256 0.0251252
0.040201 0.0401984
0.0552764 0.055267
0.0703518 0.0703273
0.0854271 0.0853739
0.100503 0.100401
0.115578 0.1154
0.130653 0.130362
0.145729 0.145278
0.160804 0.160137
0.175879 0.174925
0.190955 0.18963
0.20603 0.204236
0.221106 0.218728
0.236181 0.23309
0.251256 0.247302
0.266332 0.261347
0.281407 0.275205
0.296482 0.288855
0.311558 0.302277
0.326633 0.315447
0.341709 0.328343
0.356784 0.340942
0.371859 0.353221
0.386935 0.365156
0.40201 0.376722
0.417085 0.387895
0.432161 0.398651
0.447236 0.408965
0.462312 0.418815
0.477387 0.428175
0.492462 0.437023
0.507538 0.445337
0.522613 0.453096
0.537688 0.460277
0.552764 0.466863
0.567839 0.472834
0.582915 0.478173
0.59799 0.482865
0.613065 0.486896
0.628141 0.490254
0.643216 0.492929
0.658291 0.494911
0.673367 0.496196
0.688442 0.496778
0.703518 0.496655
0.718593 0.495829
0.733668 0.494302
0.748744 0.492078
0.763819 0.489167
0.778894 0.485577
0.79397 0.481322
0.809045 0.476416
0.824121 0.470876
0.839196 0.464723
0.854271 0.457977
0.869347 0.450664
0.884422 0.442808
0.899497 0.434439
0.914573 0.425587
0.929648 0.416281
0.944724 0.406557
0.959799 0.396447
0.974874 0.385988
0.98995 0.375216
1.00503 0.364168
1.0201 0.352882
1.03518 0.341396
1.05025 0.329748
1.06533 0.317976
1.0804 0.306118
1.09548 0.29421
1.11055 0.282291
1.12563 0.270395
1.1407 0.258556
1.15578 0.246808
1.17085 0.235183
1.18593 0.223711
1.20101 0.212421
1.21608 0.201338
1.23116 0.190488
1.24623 0.179894
1.26131 0.169575
1.27638 0.159551
1.29146 0.149838
1.30653 0.140449
1.32161 0.131397
1.33668 0.12269
1.35176 0.114338
1.36683 0.106345
1.38191 0.0987138
1.39698 0.0914472
1.41206 0.0845445
1.42714 0.0780035
1.44221 0.0718207
1.45729 0.0659908
1.47236 0.0605073
1.48744 0.0553624
1.50251 0.0505471
1.51759 0.0460516
1.53266 0.041865
1.54774 0.0379758
1.56281 0.0343721
1.57789 0.0310412
1.59296 0.0279704
1.60804 0.0251463
1.62312 0.0225559
1.63819 0.0201859
1.65327 0.0180231
1.66834 0.0160544
1.68342 0.0142671
1.69849 0.0126487
1.71357 0.0111871
1.72864 0.00987047
1.74372 0.00868766
1.75879 0.00762786
1.77387 0.00668081
1.78894 0.00583678
1.80402 0.0050866
1.8191 0.00442164
1.83417 0.00383382
1.84925 0.00331562
1.86432 0.00286005
1.8794 0.00246065
1.89447 0.00211147
1.90955 0.00180706
1.92462 0.00154241
1.9397 0.00131299
1.95477 0.00111468
1.96985 0.000943739
1.98492 0.000796826
2 0.000670925
