0 3.06404e-05 0.199826 4.53999e-05
0.196078 2.15149e-05 0.381022 4.28552e-05
0.392157 1.56665e-05 0.545324 3.97459e-05
0.588235 1.17935e-05 0.694308 3.61831e-05
0.784314 9.15112e-06 0.829401 3.22757e-05
0.980392 7.29948e-06 0.951899 2.8129e-05
1.17647 5.9704e-06 1.06298 2.38432e-05
1.37255 4.99585e-06 1.1637 1.95112e-05
1.56863 4.26771e-06 1.25503 1.52186e-05
1.76471 3.71471e-06 1.33784 1.10421e-05
1.96078 3.28882e-06 1.41294 7.04884e-06
2.15686 2.95698e-06 1.48103 3.29659e-06
2.35294 2.69603e-06 1.54278 -1.6695e-07
2.54902 2.48942e-06 1.59877 -3.30392e-06
2.7451 2.32517e-06 1.64953 -6.08609e-06
2.94118 2.19445e-06 1.69557 -8.49453e-06
3.13725 2.09067e-06 1.73731 -1.05191e-05
3.33333 2.00888e-06 1.77516 -1.21576e-05
3.52941 1.94526e-06 1.80949 -1.34156e-05
3.72549 1.89691e-06 1.84061 -1.4305e-05
3.92157 1.86154e-06 1.86883 -1.48436e-05
4.11765 1.83737e-06 1.89442 -1.5054e-05
4.31373 1.823e-06 1.91762 -1.49631e-05
4.5098 1.8173e-06 1.93866 -1.46005e-05
4.70588 1.8194e-06 1.95774 -1.39985e-05
4.90196 1.82859e-06 1.97504 -1.31907e-05
5.09804 1.8443e-06 1.99073 -1.22115e-05
5.29412 1.86608e-06 2.00495 -1.10951e-05
5.4902 1.89359e-06 2.01785 -9.87533e-06
5.68627 1.92654e-06 2.02955 -8.5846e-06
5.88235 1.96473e-06 2.04015 -7.25373e-06
6.07843 2.00799e-06 2.04977 -5.91137e-06
6.27451 2.05621e-06 2.05849 -4.58373e-06
6.47059 2.10932e-06 2.06639 -3.29427e-06
6.66667 2.16728e-06 2.07356 -2.06357e-06
6.86275 2.23007e-06 2.08006 -9.09173e-07
7.05882 2.2977e-06 2.08596 1.54435e-07
7.2549 2.37022e-06 2.09131 1.11583e-06
7.45098 2.44768e-06 2.09615 1.96655e-06
7.64706 2.53015e-06 2.10055 2.70102e-06
7.84314 2.61773e-06 2.10453 3.31634e-06
8.03922 2.71053e-06 2.10815 3.81213e-06
8.23529 2.80868e-06 2.11142 4.19026e-06
8.43137 2.91231e-06 2.11439 4.45464e-06
8.62745 3.02158e-06 2.11709 4.61096e-06
8.82353 3.13667e-06 2.11953 4.66637e-06
9.01961 3.25775e-06 2.12175 4.62927e-06
9.21569 3.38502e-06 2.12376 4.50898e-06
9.41176 3.5187e-06 2.12558 4.31552e-06
9.60784 3.659e-06 2.12723 4.05936e-06
9.80392 3.80617e-06 2.12873 3.75114e-06
10 3.96046e-06 2.13008 3.40148e-06
10.1961 4.12214e-06 2.13131 3.02082e-06
10.3922 4.29149e-06 2.13243 2.61916e-06
10.5882 4.46881e-06 2.13344 2.20598e-06
10.7843 4.6544e-06 2.13436 1.7901e-06
10.9804 4.84861e-06 2.13519 1.37955e-06
11.1765 5.05176e-06 2.13595 9.81519e-07
11.3725 5.26424e-06 2.13663 6.02286e-07
11.5686 5.48641e-06 2.13725 2.47195e-07
11.7647 5.71868e-06 2.13782 -7.93615e-08
11.9608 5.96145e-06 2.13833 -3.73937e-07
12.1569 6.21518e-06 2.13879 -6.34004e-07
12.3529 6.48031e-06 2.13921 -8.57916e-07
12.549 6.75733e-06 2.13959 -1.04486e-06
12.7451 7.04672e-06 2.13993 -1.19479e-06
12.9412 7.34903e-06 2.14024 -1.30835e-06
13.1373 7.66479e-06 2.14053 -1.38682e-06
13.3333 7.99457e-06 2.14078 -1.43201e-06
13.5294 8.33898e-06 2.14102 -1.44617e-06
13.7255 8.69863e-06 2.14123 -1.43193e-06
13.9216 9.07418e-06 2.14142 -1.39223e-06
14.1176 9.46631e-06 2.14159 -1.33017e-06
14.3137 9.87573e-06 2.14175 -1.24901e-06
14.5098 1.03032e-05 2.14189 -1.15206e-06
14.7059 1.07495e-05 2.14202 -1.04259e-06
14.902 1.12154e-05 2.14214 -9.2383e-07
15.098 1.17017e-05 2.14224 -7.98869e-07
15.2941 1.22094e-05 2.14234 -6.70625e-07
15.4902 1.27394e-05 2.14242 -5.41805e-07
15.6863 1.32926e-05 2.1425 -4.14873e-07
15.8824 1.38701e-05 2.14257 -2.9203e-07
16.0784 1.44729e-05 2.14264 -1.75193e-07
16.2745 1.5102e-05 2.1427 -6.59871e-08
16.4706 1.57587e-05 2.14275 3.42552e-08
16.6667 1.64442e-05 2.1428 1.24495e-07
16.8627 1.71596e-05 2.14284 2.03978e-07
17.0588 1.79062e-05 2.14288 2.72219e-07
17.2549 1.86856e-05 2.14291 3.28993e-07
17.451 1.94989e-05 2.14295 3.74307e-07
17.6471 2.03478e-05 2.14297 4.08383e-07
17.8431 2.12338e-05 2.143 4.31633e-07
18.0392 2.21585e-05 2.14302 4.44632e-07
18.2353 2.31236e-05 2.14304 4.48095e-07
18.4314 2.41308e-05 2.14306 4.42847e-07
18.6275 2.51819e-05 2.14308 4.298e-07
18.8235 2.6279e-05 2.14309 4.09927e-07
19.0196 2.74239e-05 2.14311 3.84237e-07
19.2157 2.86187e-05 2.14312 3.53754e-07
19.4118 2.98657e-05 2.14313 3.19496e-07
19.6078 3.11671e-05 2.14314 2.82457e-07
19.8039 3.25252e-05 2.14315 2.43591e-07
20 3.39426e-05 2.14315 2.03794e-07
20.1961 3.54218e-05 2.14316 1.63899e-07
20.3922 3.69655e-05 2.14316 1.24662e-07
20.5882 3.85766e-05 2.14317 8.67564e-08
20.7843 4.02578e-05 2.14317 5.07664e-08
20.9804 4.20124e-05 2.14317 1.71871e-08
21.1765 4.38435e-05 2.14318 -1.3578e-08
21.3725 4.57543e-05 2.14318 -4.12159e-08
21.5686 4.77485e-05 2.14318 -6.55013e-08
21.7647 4.98296e-05 2.14318 -8.62928e-08
21.9608 5.20014e-05 2.14318 -1.03527e-07
22.1569 5.42679e-05 2.14318 -1.17215e-07
22.3529 5.66331e-05 2.14318 -1.2743e-07
22.549 5.91014e-05 2.14317 -1.34306e-07
22.7451 6.16773e-05 2.14317 -1.38026e-07
22.9412 6.43654e-05 2.14317 -1.38815e-07
23.1373 6.71706e-05 2.14317 -1.36932e-07
23.3333 7.0098e-05 2.14316 -1.32662e-07
23.5294 7.3153e-05 2.14316 -1.26307e-07
23.7255 7.6341e-05 2.14316 -1.18182e-07
23.9216 7.96679e-05 2.14315 -1.08604e-07
24.1176 8.31397e-05 2.14315 -9.78868e-08
24.3137 8.67628e-05 2.14314 -8.63386e-08
24.5098 9.05436e-05 2.14314 -7.42528e-08
24.7059 9.4489e-05 2.14313 -6.19058e-08
24.902 9.86063e-05 2.14313 -4.95531e-08
25.098 0.000102903 2.14312 -3.74264e-08
25.2941 0.000107386 2.14311 -2.57317e-08
25.4902 0.000112065 2.14311 -1.46475e-08
25.6863 0.000116948 2.1431 -4.32423e-09
25.8824 0.000122042 2.14309 5.11592e-09
26.0784 0.000127359 2.14308 1.35787e-08
26.2745 0.000132907 2.14307 2.09971e-08
26.4706 0.000138697 2.14306 2.73296e-08
26.6667 0.000144738 2.14305 3.25592e-08
26.8627 0.000151042 2.14304 3.6691e-08
27.0588 0.000157621 2.14303 3.97502e-08
27.2549 0.000164485 2.14302 4.17797e-08
27.451 0.000171648 2.14301 4.28376e-08
27.6471 0.000179123 2.143 4.29949e-08
27.8431 0.000186923 2.14298 4.23328e-08
28.0392 0.000195061 2.14297 4.09401e-08
28.2353 0.000203554 2.14296 3.89112e-08
28.4314 0.000212415 2.14294 3.63434e-08
28.6275 0.000221662 2.14293 3.33352e-08
28.8235 0.00023131 2.14291 2.99839e-08
29.0196 0.000241378 2.14289 2.63844e-08
29.2157 0.000251883 2.14288 2.26271e-08
29.4118 0.000262844 2.14286 1.87972e-08
29.6078 0.00027428 2.14284 1.49732e-08
29.8039 0.000286214 2.14282 1.12259e-08
30 0.000298665 2.1428 7.61855e-09
30.1961 0.000311656 2.14278 4.20543e-09
30.3922 0.000325212 2.14275 1.03234e-09
30.5882 0.000339354 2.14273 -1.86375e-09
30.7843 0.000354111 2.1427 -4.4545e-09
30.9804 0.000369507 2.14268 -6.71993e-09
31.1765 0.00038557 2.14265 -8.64802e-09
31.3725 0.000402329 2.14262 -1.02342e-08
31.5686 0.000419814 2.14259 -1.14807e-08
31.7647 0.000438056 2.14256 -1.23958e-08
31.9608 0.000457087 2.14253 -1.29935e-08
32.1569 0.000476943 2.1425 -1.32922e-08
32.3529 0.000497657 2.14246 -1.33142e-08
32.549 0.000519267 2.14243 -1.30849e-08
32.7451 0.000541811 2.14239 -1.26321e-08
32.9412 0.000565329 2.14235 -1.19851e-08
33.1373 0.000589863 2.14231 -1.11743e-08
33.3333 0.000615457 2.14227 -1.023e-08
33.5294 0.000642155 2.14222 -9.18238e-09
33.7255 0.000670004 2.14217 -8.06075e-09
33.9216 0.000699054 2.14213 -6.89298e-09
34.1176 0.000729357 2.14207 -5.70524e-09
34.3137 0.000760964 2.14202 -4.52164e-09
34.5098 0.000793932 2.14197 -3.36393e-09
34.7059 0.000828318 2.14191 -2.25138e-09
34.902 0.000864183 2.14185 -1.20058e-09
35.098 0.00090159 2.14178 -2.25434e-10
35.2941 0.000940602 2.14172 6.62861e-10
35.4902 0.000981289 2.14165 1.45579e-09
35.6863 0.00102372 2.14158 2.14743e-09
35.8824 0.00106797 2.1415 2.73428e-09
36.0784 0.00111412 2.14143 3.21515e-09
36.2745 0.00116223 2.14135 3.59093e-09
36.4706 0.00121241 2.14126 3.8644e-09
36.6667 0.00126473 2.14117 4.04e-09
36.8627 0.00131928 2.14108 4.12359e-09
37.0588 0.00137616 2.14099 4.12218e-09
37.2549 0.00143546 2.14089 4.04375e-09
37.451 0.00149729 2.14078 3.89696e-09
37.6471 0.00156174 2.14067 3.69093e-09
37.8431 0.00162892 2.14056 3.43505e-09
38.0392 0.00169896 2.14044 3.13878e-09
38.2353 0.00177196 2.14032 2.81142e-09
38.4314 0.00184806 2.14019 2.46201e-09
38.6275 0.00192736 2.14006 2.09914e-09
38.8235 0.00201001 2.13992 1.73088e-09
39.0196 0.00209614 2.13977 1.3646e-09
39.2157 0.0021859 2.13962 1.00699e-09
39.4118 0.00227942 2.13946 6.63929e-10
39.6078 0.00237686 2.1393 3.40475e-10
39.8039 0.00247838 2.13913 4.08554e-11
40 0.00258415 2.13895 -2.31549e-10
40.1961 0.00269432 2.13876 -4.7418e-10
40.3922 0.00280907 2.13857 -6.85277e-10
40.5882 0.0029286 2.13837 -8.63834e-10
40.7843 0.00305307 2.13816 -1.00955e-09
40.9804 0.00318269 2.13794 -1.12276e-09
41.1765 0.00331766 2.13771 -1.20438e-09
41.3725 0.00345818 2.13747 -1.25583e-09
41.5686 0.00360446 2.13722 -1.27898e-09
41.7647 0.00375674 2.13696 -1.27602e-09
41.9608 0.00391523 2.1367 -1.24946e-09
42.1569 0.00408017 2.13642 -1.20199e-09
42.3529 0.0042518 2.13612 -1.13645e-09
42.549 0.00443038 2.13582 -1.05576e-09
42.7451 0.00461615 2.13551 -9.62849e-10
42.9412 0.00480939 2.13518 -8.6059e-10
43.1373 0.00501036 2.13483 -7.51773e-10
43.3333 0.00521934 2.13448 -6.39046e-10
43.5294 0.00543663 2.13411 -5.24885e-10
43.7255 0.00566251 2.13372 -4.1156e-10
43.9216 0.00589729 2.13332 -3.01115e-10
44.1176 0.00614127 2.13291 -1.95348e-10
44.3137 0.00639477 2.13247 -9.58015e-11
44.5098 0.00665812 2.13202 -3.75824e-12
44.7059 0.00693164 2.13156 7.97597e-11
44.902 0.00721567 2.13107 1.53985e-10
45.098 0.00751055 2.13057 2.18397e-10
45.2941 0.00781664 2.13004 2.72706e-10
45.4902 0.00813428 2.1295 3.16838e-10
45.6863 0.00846383 2.12893 3.50919e-10
45.8824 0.00880567 2.12834 3.75248e-10
46.0784 0.00916015 2.12773 3.90282e-10
46.2745 0.00952765 2.1271 3.96607e-10
46.4706 0.00990855 2.12644 3.94917e-10
46.6667 0.0103032 2.12576 3.85993e-10
46.8627 0.010712 2.12505 3.70678e-10
47.0588 0.0111354 2.12432 3.49855e-10
47.2549 0.0115736 2.12356 3.24428e-10
47.451 0.0120272 2.12277 2.95303e-10
47.6471 0.0124963 2.12196 2.6337e-10
47.8431 0.0129816 2.12111 2.2949e-10
48.0392 0.0134832 2.12024 1.94479e-10
48.2353 0.0140015 2.11933 1.59096e-10
48.4314 0.014537 2.11839 1.2404e-10
48.6275 0.0150899 2.11742 8.99365e-11
48.8235 0.0156605 2.11642 5.7334e-11
49.0196 0.0162493 2.11539 2.6703e-11
49.2157 0.0168564 2.11431 -1.56729e-12
49.4118 0.0174822 2.11321 -2.71682e-11
49.6078 0.0181269 2.11207 -4.98697e-11
49.8039 0.0187908 2.11089 -6.95178e-11
50 0.0194741 2.10967 -8.60299e-11
