0 1.04478 -0.0821331 1.0472
0.0392157 1.03915 -0.163951 1.04639
0.0784314 1.03033 -0.245201 1.04398
0.117647 1.01835 -0.325634 1.03996
0.156863 1.00324 -0.405003 1.03434
0.196078 0.985053 -0.483066 1.02713
0.235294 0.963851 -0.559582 1.01834
0.27451 0.9397 -0.634318 1.00799
0.313725 0.912677 -0.707044 0.996084
0.352941 0.882865 -0.777539 0.982648
0.392157 0.85036 -0.845588 0.967702
0.431373 0.815264 -0.910982 0.951267
0.470588 0.777686 -0.973524 0.933369
0.509804 0.737744 -1.03302 0.914036
0.54902 0.695563 -1.0893 0.893298
0.588235 0.651274 -1.14217 0.871186
0.627451 0.605015 -1.1915 0.847734
0.666667 0.556929 -1.23712 0.822979
0.705882 0.507168 -1.2789 0.796959
0.745098 0.455883 -1.31671 0.769713
0.784314 0.403236 -1.35044 0.741283
0.823529 0.349388 -1.37999 0.711714
0.862745 0.294507 -1.40527 0.68105
0.901961 0.238761 -1.42621 0.649339
0.941176 0.182324 -1.44274 0.616629
0.980392 0.125369 -1.45482 0.582972
1.01961 0.0680716 -1.46241 0.548417
1.05882 0.0106091 -1.4655 0.51302
1.09804 -0.0468419 -1.46408 0.476834
1.13725 -0.104105 -1.45816 0.439914
1.17647 -0.161003 -1.44775 0.402318
1.21569 -0.217363 -1.4329 0.364104
1.2549 -0.27301 -1.41364 0.325329
1.29412 -0.327775 -1.39006 0.286055
1.33333 -0.381489 -1.36221 0.24634
1.37255 -0.433988 -1.3302 0.206247
1.41176 -0.485111 -1.29411 0.165836
1.45098 -0.534703 -1.25407 0.125171
1.4902 -0.582611 -1.21021 0.084313
1.52941 -0.628689 -1.16265 0.0433254
1.56863 -0.672798 -1.11156 0.00227124
1.60784 -0.714803 -1.05708 -0.0387865
1.64706 -0.754576 -0.999389 -0.0797845
1.68627 -0.791997 -0.938669 -0.12066
1.72549 -0.826953 -0.875108 -0.16135
1.76471 -0.859336 -0.808904 -0.201791
1.80392 -0.889051 -0.740261 -0.241923
1.84314 -0.916008 -0.669393 -0.281682
1.88235 -0.940126 -0.59652 -0.321009
1.92157 -0.961332 -0.521867 -0.359841
1.96078 -0.979564 -0.445666 -0.398121
2 -0.994768 -0.368152 -0.435788
2.03922 -1.0069 -0.289565 -0.472785
2.07843 -1.01592 -0.210147 -0.509055
2.11765 -1.02181 -0.130143 -0.544543
2.15686 -1.02456 -0.0498009 -0.579193
2.19608 -1.02415 0.0306331 -0.612952
2.23529 -1.02058 0.110911 -0.645769
2.27451 -1.01388 0.190786 -0.677593
2.31373 -1.00407 0.270013 -0.708375
2.35294 -0.99117 0.348348 -0.738068
2.39216 -0.975234 0.425551 -0.766625
2.43137 -0.956308 0.501386 -0.794004
2.47059 -0.934455 0.575619 -0.820163
2.5098 -0.909744 0.648025 -0.84506
2.54902 -0.882252 0.71838 -0.868657
2.58824 -0.852067 0.786472 -0.890919
2.62745 -0.819283 0.852091 -0.911811
2.66667 -0.784003 0.915038 -0.931301
2.70588 -0.746338 0.975122 -0.949358
2.7451 -0.706406 1.03216 -0.965956
2.78431 -0.664331 1.08598 -0.981069
2.82353 -0.620244 1.13641 -0.994673
2.86275 -0.574282 1.18331 -1.00675
2.90196 -0.526589 1.22653 -1.01727
2.94118 -0.477312 1.26595 -1.02624
2.98039 -0.426604 1.30143 -1.03362
3.01961 -0.374623 1.33289 -1.03942
3.05882 -0.321528 1.36022 -1.04361
3.09804 -0.267486 1.38335 -1.0462
3.13725 -0.212661 1.4022 -1.04719
3.17647 -0.157225 1.41673 -1.04656
3.21569 -0.101347 1.42688 -1.04432
3.2549 -0.0452 1.43263 -1.04048
3.29412 0.0110428 1.43397 -1.03504
3.33333 0.0672084 1.4309 -1.02801
3.37255 0.123124 1.42343 -1.01939
3.41176 0.178618 1.41159 -1.00921
3.45098 0.23352 1.39541 -0.997477
3.4902 0.287661 1.37494 -0.984209
3.52941 0.340875 1.35027 -0.969428
3.56863 0.393 1.32146 -0.953157
3.60784 0.443875 1.2886 -0.93542
3.64706 0.493346 1.25181 -0.916244
3.68627 0.54126 1.21119 -0.89566
3.72549 0.587473 1.16687 -0.873698
3.76471 0.631842 1.119 -0.850393
3.80392 0.674233 1.06772 -0.82578
3.84314 0.714517 1.0132 -0.799898
3.88235 0.752572 0.955602 -0.772785
3.92157 0.788281 0.895107 -0.744485
3.96078 0.821538 0.831905 -0.715039
4 0.852242 0.766191 -0.684494
4.03922 0.880299 0.69817 -0.652896
4.07843 0.905627 0.628054 -0.620295
4.11765 0.928148 0.556058 -0.58674
4.15686 0.947797 0.482407 -0.552282
4.19608 0.964514 0.407328 -0.516975
4.23529 0.97825 0.331054 -0.480874
4.27451 0.988966 0.253819 -0.444032
4.31373 0.996631 0.175863 -0.406508
4.35294 1.00122 0.0974251 -0.368359
4.39216 1.00273 0.018748 -0.329644
4.43137 1.00115 -0.0599264 -0.290422
4.47059 0.996495 -0.138356 -0.250753
4.5098 0.988775 -0.2163 -0.210698
4.54902 0.978018 -0.293518 -0.17032
4.58824 0.96426 -0.369774 -0.12968
4.62745 0.947546 -0.444833 -0.08884
4.66667 0.927929 -0.518467 -0.0478636
4.70588 0.905472 -0.590448 -0.00681368
4.7451 0.880246 -0.660557 0.0342467
4.78431 0.852331 -0.728581 0.0752545
4.82353 0.821816 -0.79431 0.116147
4.86275 0.788794 -0.857544 0.15686
4.90196 0.753371 -0.918092 0.197332
4.94118 0.715658 -0.975768 0.237501
4.98039 0.675771 -1.0304 0.277305
5.01961 0.633835 -1.08181 0.316682
5.05882 0.589982 -1.12986 0.355572
5.09804 0.544346 -1.1744 0.393916
5.13725 0.497071 -1.21529 0.431653
5.17647 0.448303 -1.2524 0.468727
5.21569 0.398193 -1.28564 0.505081
5.2549 0.346896 -1.31489 0.540657
5.29412 0.294571 -1.34008 0.575403
5.33333 0.24138 -1.36112 0.609263
5.37255 0.187487 -1.37796 0.642187
5.41176 0.133058 -1.39054 0.674123
5.45098 0.0782619 -1.39884 0.705023
5.4902 0.023267 -1.40283 0.734838
5.52941 -0.0317572 -1.4025 0.763524
5.56863 -0.0866415 -1.39785 0.791035
5.60784 -0.141217 -1.3889 0.81733
5.64706 -0.195316 -1.37569 0.842369
5.68627 -0.248773 -1.35826 0.866112
5.72549 -0.301423 -1.33666 0.888523
5.76471 -0.353105 -1.31096 0.909568
5.80392 -0.403661 -1.28125 0.929215
5.84314 -0.452937 -1.24762 0.947432
5.88235 -0.50078 -1.21018 0.964193
5.92157 -0.547047 -1.16904 0.979471
5.96078 -0.591594 -1.12433 0.993243
6 -0.634287 -1.07621 1.00549
6.03922 -0.674996 -1.0248 1.01619
6.07843 -0.713596 -0.970286 1.02532
6.11765 -0.749971 -0.912826 1.03288
6.15686 -0.784011 -0.852601 1.03885
6.19608 -0.815612 -0.789798 1.04323
6.23529 -0.844679 -0.724614 1.046
6.27451 -0.871125 -0.657251 1.04716
6.31373 -0.89487 -0.587916 1.04671
6.35294 -0.915843 -0.516826 1.04465
6.39216 -0.933983 -0.444201 1.04099
6.43137 -0.949235 -0.370264 1.03572
6.47059 -0.961554 -0.295245 1.02886
6.5098 -0.970905 -0.219375 1.02042
6.54902 -0.977262 -0.142888 1.01041
6.58824 -0.980606 -0.0660201 0.99885
6.62745 -0.980931 0.0109917 0.985752
6.66667 -0.978238 0.0879106 0.971137
6.70588 -0.972536 0.1645 0.955029
6.7451 -0.963847 0.240524 0.937453
6.78431 -0.952199 0.31575 0.918435
6.82353 -0.937629 0.389947 0.898005
6.86275 -0.920186 0.462887 0.876194
6.90196 -0.899925 0.534346 0.853036
6.94118 -0.87691 0.604107 0.828566
6.98039 -0.851215 0.671955 0.802822
7.01961 -0.822921 0.737684 0.775844
7.05882 -0.792116 0.801092 0.747672
7.09804 -0.758897 0.861987 0.718351
7.13725 -0.723369 0.920183 0.687925
7.17647 -0.685643 0.975502 0.656442
7.21569 -0.645835 1.02778 0.623949
7.2549 -0.604072 1.07685 0.590497
7.29412 -0.560481 1.12257 0.556136
7.33333 -0.5152 1.16481 0.520921
7.37255 -0.468368 1.20342 0.484904
7.41176 -0.42013 1.23831 0.448142
7.45098 -0.370638 1.26935 0.410691
7.4902 -0.320042 1.29647 0.372608
7.52941 -0.268501 1.31958 0.333952
7.56863 -0.216173 1.33861 0.294783
7.60784 -0.163221 1.3535 0.255161
7.64706 -0.109806 1.36422 0.215146
7.68627 -0.056095 1.37074 0.1748
7.72549 -0.00225251 1.37303 0.134186
7.76471 0.0515556 1.3711 0.0933652
7.80392 0.105164 1.36494 0.0524009
7.84314 0.158407 1.3546 0.011356
7.88235 0.211122 1.34009 -0.0297064
7.92157 0.263147 1.32147 -0.0707231
7.96078 0.314323 1.2988 -0.111631
8 0.364492 1.27215 -0.152367
8.03922 0.413501 1.2416 -0.192869
8.07843 0.4612 1.20726 -0.233075
8.11765 0.507443 1.16923 -0.272922
8.15686 0.55209 1.12764 -0.312349
8.19608 0.595003 1.0826 -0.351296
8.23529 0.636053 1.03427 -0.389703
8.27451 0.675114 0.982792 -0.427511
8.31373 0.712068 0.928331 -0.464661
8.35294 0.746803 0.871054 -0.501097
8.39216 0.779213 0.811142 -0.536762
8.43137 0.8092 0.74878 -0.571602
8.47059 0.836675 0.684162 -0.605563
8.5098 0.861554 0.617488 -0.638593
8.54902 0.883763 0.548966 -0.670641
8.58824 0.903236 0.478807 -0.701657
8.62745 0.919915 0.407228 -0.731595
8.66667 0.93375 0.334452 -0.760408
8.70588 0.944702 0.260702 -0.788051
8.7451 0.952738 0.186207 -0.814483
8.78431 0.957837 0.111196 -0.839662
8.82353 0.959985 0.0359006 -0.863551
8.86275 0.959177 -0.0394476 -0.886111
8.90196 0.955419 -0.114616 -0.907309
8.94118 0.948723 -0.189375 -0.927111
8.98039 0.939114 -0.263493 -0.945488
9.01961 0.926623 -0.336744 -0.962412
9.05882 0.91129 -0.408903 -0.977855
9.09804 0.893164 -0.479748 -0.991795
9.13725 0.872305 -0.549062 -1.00421
9.17647 0.848777 -0.616634 -1.01508
9.21569 0.822656 -0.682256 -1.02439
9.2549 0.794024 -0.745729 -1.03212
9.29412 0.762971 -0.806858 -1.03827
9.33333 0.729593 -0.865458 -1.04282
9.37255 0.693997 -0.92135 -1.04577
9.41176 0.656292 -0.974365 -1.04711
9.45098 0.616597 -1.02434 -1.04684
9.4902 0.575036 -1.07113 -1.04496
9.52941 0.531737 -1.11458 -1.04147
9.56863 0.486835 -1.15457 -1.03638
9.60784 0.440469 -1.19098 -1.0297
9.64706 0.392784 -1.22369 -1.02143
9.68627 0.343927 -1.25262 -1.0116
9.72549 0.294049 -1.27767 -1.00021
9.76471 0.243305 -1.29876 -0.987276
9.80392 0.191851 -1.31585 -0.972828
9.84314 0.139846 -1.32887 -0.956884
9.88235 0.0874509 -1.3378 -0.939469
9.92157 0.0348268 -1.3426 -0.920609
9.96078 -0.0178639 -1.34327 -0.900333
10 -0.0704593 -1.3398 -0.878674
