0 1 1
0.020202 1 0.980001
0.040404 1 0.960401
0.0606061 1 0.941194
0.0808081 1 0.922371
0.10101 1 0.903924
0.121212 1 0.885846
0.141414 1 0.86813
0.161616 1 0.850768
0.181818 1 0.833753
0.20202 1 0.817078
0.222222 1 0.800737
0.242424 1 0.784723
0.262626 1 0.769029
0.282828 1 0.753649
0.30303 1 0.738577
0.323232 1 0.723806
0.343434 1 0.70933
0.363636 1 0.695144
0.383838 1 0.681242
0.40404 1 0.667617
0.424242 1 0.654265
0.444444 1 0.64118
0.464646 1 0.628357
0.484848 1 0.61579
0.505051 1 0.603475
0.525253 1 0.591406
0.545455 1 0.579578
0.565657 1 0.567987
0.585859 1 0.556628
0.606061 1 0.545496
0.626263 1 0.534586
0.646465 1 0.523895
0.666667 1 0.513417
0.686869 1 0.503149
0.707071 1 0.493086
0.727273 1 0.483225
0.747475 1 0.473561
0.767677 1 0.46409
0.787879 1 0.454809
0.808081 1 0.445713
0.828283 1 0.436799
0.848485 1 0.428063
0.868687 1 0.419502
0.888889 1 0.411112
0.909091 1 0.40289
0.929293 1 0.394833
0.949495 1 0.386936
0.969697 1 0.379198
0.989899 1 0.371614
1.0101 1 0.364182
1.0303 1 0.356899
1.05051 1 0.349761
1.07071 1 0.342766
1.09091 1 0.335911
1.11111 1 0.329193
1.13131 1 0.322609
1.15152 1 0.316157
1.17172 1 0.309834
1.19192 1 0.303638
1.21212 1 0.297565
1.23232 1 0.291614
1.25253 1 0.285782
1.27273 1 0.280067
1.29293 1 0.274466
1.31313 1 0.268976
1.33333 1 0.263597
1.35354 1 0.258325
1.37374 1 0.253159
1.39394 1 0.248096
1.41414 1 0.243134
1.43434 1 0.238272
1.45455 1 0.233506
1.47475 1 0.228837
1.49495 1 0.22426
1.51515 1 0.219775
1.53535 1 0.21538
1.55556 1 0.211072
1.57576 1 0.206851
1.59596 1 0.202714
1.61616 1 0.19866
1.63636 1 0.194687
1.65657 1 0.190793
1.67677 1 0.186977
1.69697 1 0.183238
1.71717 1 0.179573
1.73737 1 0.175982
1.75758 1 0.172462
1.77778 1 0.169013
1.79798 1 0.165633
1.81818 1 0.162321
1.83838 1 0.159074
1.85859 1 0.155893
1.87879 1 0.152775
1.89899 1 0.14972
1.91919 1 0.146725
1.93939 1 0.143791
1.9596 1 0.140915
1.9798 1 0.138097
2 1 0.135335
