0 1.0472 7.6604e-312 1.0472
0.10101 1.0472 7.6604e-312 1.04186
0.20202 1.0472 7.6604e-312 1.0259
0.30303 1.0472 7.6604e-312 0.999484
0.40404 1.0472 7.6604e-312 0.962877
0.505051 1.0472 7.6604e-312 0.916455
0.606061 1.0472 7.6604e-312 0.86069
0.707071 1.0472 7.6604e-312 0.796151
0.808081 1.0472 7.6604e-312 0.723495
0.909091 1.0472 7.6604e-312 0.643464
1.0101 1.0472 7.6604e-312 0.556874
1.11111 1.0472 7.6604e-312 0.464606
1.21212 1.0472 7.6604e-312 0.367602
1.31313 1.0472 7.6604e-312 0.26685
1.41414 1.0472 7.6604e-312 0.163378
1.51515 1.0472 7.6604e-312 0.058241
1.61616 1.0472 7.6604e-312 -0.0474901
1.71717 1.0472 7.6604e-312 -0.152737
1.81818 1.0472 7.6604e-312 -0.256427
1.91919 1.0472 7.6604e-312 -0.357503
2.0202 1.0472 7.6604e-312 -0.454934
2.12121 1.0472 7.6604e-312 -0.547728
2.22222 1.0472 7.6604e-312 -0.634938
2.32323 1.0472 7.6604e-312 -0.715675
2.42424 1.0472 7.6604e-312 -0.789116
2.52525 1.0472 7.6604e-312 -0.854513
2.62626 1.0472 7.6604e-312 -0.911198
2.72727 1.0472 7.6604e-312 -0.958594
2.82828 1.0472 7.6604e-312 -0.996219
2.92929 1.0472 7.6604e-312 -1.02369
3.0303 1.0472 7.6604e-312 -1.04072
3.13131 1.0472 7.6604e-312 -1.04714
3.23232 1.0472 7.6604e-312 -1.04289
3.33333 1.0472 7.6604e-312 -1.02801
3.43434 1.0472 7.6604e-312 -1.00264
3.53535 1.0472 7.6604e-312 -0.967058
3.63636 1.0472 7.6604e-312 -0.921615
3.73737 1.0472 7.6604e-312 -0.866776
3.83838 1.0472 7.6604e-312 -0.803101
3.93939 1.0472 7.6604e-312 -0.731239
4.0404 1.0472 7.6604e-312 -0.651923
4.14141 1.0472 7.6604e-312 -0.565961
4.24242 1.0472 7.6604e-312 -0.474228
4.34343 1.0472 7.6604e-312 -0.377662
4.44444 1.0472 7.6604e-312 -0.277245
4.54545 1.0472 7.6604e-312 -0.174003
4.64646 1.0472 7.6604e-312 -0.0689858
4.74747 1.0472 7.6604e-312 0.0367342
4.84848 1.0472 7.6604e-312 0.14208
4.94949 1.0472 7.6604e-312 0.245977
5.05051 1.0472 7.6604e-312 0.347366
5.15152 1.0472 7.6604e-312 0.445215
5.25253 1.0472 7.6604e-312 0.538524
5.35354 1.0472 7.6604e-312 0.626344
5.45455 1.0472 7.6604e-312 0.707779
5.55556 1.0472 7.6604e-312 0.781998
5.65657 1.0472 7.6604e-312 0.848245
5.75758 1.0472 7.6604e-312 0.905845
5.85859 1.0472 7.6604e-312 0.95421
5.9596 1.0472 7.6604e-312 0.992848
6.06061 1.0472 7.6604e-312 1.02136
6.16162 1.0472 7.6604e-312 1.03947
6.26263 1.0472 7.6604e-312 1.04698
6.36364 1.0472 7.6604e-312 1.04381
6.46465 1.0472 7.6604e-312 1.03
6.56566 1.0472 7.6604e-312 1.0057
6.66667 1.0472 7.6604e-312 0.971137
6.76768 1.0472 7.6604e-312 0.926678
6.86869 1.0472 7.6604e-312 0.872771
6.9697 1.0472 7.6604e-312 0.809967
7.07071 1.0472 7.6604e-312 0.738906
7.17172 1.0472 7.6604e-312 0.660313
7.27273 1.0472 7.6604e-312 0.574988
7.37374 1.0472 7.6604e-312 0.483801
7.47475 1.0472 7.6604e-312 0.387682
7.57576 1.0472 7.6604e-312 0.287611
7.67677 1.0472 7.6604e-312 0.184608
7.77778 1.0472 7.6604e-312 0.0797233
7.87879 1.0472 7.6604e-312 -0.0259744
7.9798 1.0472 7.6604e-312 -0.131407
8.08081 1.0472 7.6604e-312 -0.2355
8.18182 1.0472 7.6604e-312 -0.337193
8.28283 1.0472 7.6604e-312 -0.435448
8.38384 1.0472 7.6604e-312 -0.529264
8.48485 1.0472 7.6604e-312 -0.617684
8.58586 1.0472 7.6604e-312 -0.699808
8.68687 1.0472 7.6604e-312 -0.774797
8.78788 1.0472 7.6604e-312 -0.841888
8.88889 1.0472 7.6604e-312 -0.900396
8.9899 1.0472 7.6604e-312 -0.949725
9.09091 1.0472 7.6604e-312 -0.989373
9.19192 1.0472 7.6604e-312 -1.01893
9.29293 1.0472 7.6604e-312 -1.03811
9.39394 1.0472 7.6604e-312 -1.0467
9.49495 1.0472 7.6604e-312 -1.04462
9.59596 1.0472 7.6604e-312 -1.03189
9.69697 1.0472 7.6604e-312 -1.00864
9.79798 1.0472 7.6604e-312 -0.975113
9.89899 1.0472 7.6604e-312 -0.931642
10 1.0472 7.6604e-312 -0.878674
