0 1.0472 -0.0204931 1.0472
0.0195695 1.0468 -0.0409862 1.047
0.0391389 1.04599 -0.0614715 1.0464
0.0587084 1.04479 -0.081941 1.04539
0.0782779 1.04319 -0.102387 1.04399
0.0978474 1.04118 -0.122802 1.04219
0.117417 1.03878 -0.143177 1.03999
0.136986 1.03598 -0.163505 1.03739
0.156556 1.03278 -0.183779 1.03439
0.176125 1.02918 -0.20399 1.031
0.195695 1.02519 -0.224131 1.02721
0.215264 1.0208 -0.244193 1.02303
0.234834 1.01603 -0.26417 1.01846
0.254403 1.01086 -0.284053 1.01349
0.273973 1.0053 -0.303835 1.00814
0.293542 0.999352 -0.323508 1.0024
0.313112 0.993021 -0.343065 0.996283
0.332681 0.986307 -0.362497 0.98978
0.35225 0.979214 -0.381799 0.982898
0.37182 0.971742 -0.400962 0.97564
0.391389 0.963895 -0.419978 0.968008
0.410959 0.955677 -0.438841 0.960006
0.430528 0.947089 -0.457543 0.951636
0.450098 0.938135 -0.476077 0.942901
0.469667 0.928818 -0.494436 0.933806
0.489237 0.919142 -0.512612 0.924353
0.508806 0.909111 -0.5306 0.914546
0.528376 0.898727 -0.54839 0.904388
0.547945 0.887996 -0.565978 0.893884
0.567515 0.87692 -0.583356 0.883038
0.587084 0.865504 -0.600517 0.871854
0.606654 0.853752 -0.617454 0.860336
0.626223 0.841669 -0.634161 0.848489
0.645793 0.829258 -0.650632 0.836316
0.665362 0.816526 -0.666861 0.823823
0.684932 0.803476 -0.68284 0.811015
0.704501 0.790113 -0.698563 0.797896
0.72407 0.776442 -0.714025 0.784472
0.74364 0.762469 -0.72922 0.770747
0.763209 0.748199 -0.744141 0.756727
0.782779 0.733637 -0.758783 0.742417
0.802348 0.718788 -0.77314 0.727823
0.821918 0.703658 -0.787206 0.712951
0.841487 0.688252 -0.800976 0.697805
0.861057 0.672578 -0.814445 0.682392
0.880626 0.656639 -0.827607 0.666718
0.900196 0.640444 -0.840457 0.650788
0.919765 0.623996 -0.85299 0.634609
0.939335 0.607304 -0.865201 0.618187
0.958904 0.590372 -0.877086 0.601528
0.978474 0.573208 -0.888639 0.584639
0.998043 0.555818 -0.899857 0.567527
1.01761 0.538208 -0.910734 0.550196
1.03718 0.520386 -0.921266 0.532655
1.05675 0.502357 -0.93145 0.514911
1.07632 0.484129 -0.941281 0.496968
1.09589 0.465709 -0.950755 0.478836
1.11546 0.447103 -0.959869 0.46052
1.13503 0.428319 -0.968618 0.442028
1.1546 0.409363 -0.977 0.423367
1.17417 0.390244 -0.985011 0.404543
1.19374 0.370968 -0.992648 0.385565
1.21331 0.351542 -0.999908 0.366439
1.23288 0.331975 -1.00679 0.347172
1.25245 0.312272 -1.01328 0.327773
1.27202 0.292443 -1.01939 0.308248
1.29159 0.272494 -1.02512 0.288605
1.31115 0.252433 -1.03045 0.268852
1.33072 0.232267 -1.03539 0.248995
1.35029 0.212005 -1.03994 0.229043
1.36986 0.191654 -1.04408 0.209004
1.38943 0.171222 -1.04783 0.188884
1.409 0.150717 -1.05119 0.168692
1.42857 0.130145 -1.05414 0.148436
1.44814 0.109517 -1.05668 0.128123
1.46771 0.0888379 -1.05883 0.10776
1.48728 0.0681173 -1.06056 0.0873566
1.50685 0.0473626 -1.0619 0.0669195
1.52642 0.0265818 -1.06282 0.0464568
1.54599 0.00578295 -1.06334 0.0259763
1.56556 -0.0150261 -1.06346 0.00548582
1.58513 -0.0358374 -1.06316 -0.0150067
1.6047 -0.056643 -1.06246 -0.0354936
1.62427 -0.0774348 -1.06135 -0.0559668
1.64384 -0.0982049 -1.05984 -0.0764186
1.66341 -0.118945 -1.05792 -0.0968411
1.68297 -0.139648 -1.05559 -0.117227
1.70254 -0.160306 -1.05286 -0.137567
1.72211 -0.180909 -1.04972 -0.157855
1.74168 -0.201452 -1.04618 -0.178082
1.76125 -0.221925 -1.04224 -0.198242
1.78082 -0.242321 -1.03789 -0.218325
1.80039 -0.262632 -1.03315 -0.238325
1.81996 -0.28285 -1.02801 -0.258233
1.83953 -0.302968 -1.02248 -0.278043
1.8591 -0.322977 -1.01655 -0.297746
1.87867 -0.34287 -1.01023 -0.317335
1.89824 -0.36264 -1.00352 -0.336802
1.91781 -0.382278 -0.99642 -0.356141
1.93738 -0.401778 -0.988939 -0.375343
1.95695 -0.421131 -0.981076 -0.394401
1.97652 -0.44033 -0.972835 -0.413309
1.99609 -0.459368 -0.964218 -0.432058
2.01566 -0.478237 -0.955228 -0.450641
2.03523 -0.49693 -0.94587 -0.469052
2.05479 -0.51544 -0.936145 -0.487284
2.07436 -0.53376 -0.926058 -0.505329
2.09393 -0.551883 -0.915613 -0.52318
2.1135 -0.569801 -0.904813 -0.540831
2.13307 -0.587508 -0.893662 -0.558275
2.15264 -0.604996 -0.882165 -0.575505
2.17221 -0.62226 -0.870325 -0.592515
2.19178 -0.639291 -0.858148 -0.609297
2.21135 -0.656085 -0.845637 -0.625847
2.23092 -0.672633 -0.832798 -0.642157
2.25049 -0.688931 -0.819635 -0.65822
2.27006 -0.704971 -0.806153 -0.674032
2.28963 -0.720747 -0.792357 -0.689586
2.3092 -0.736253 -0.778253 -0.704875
2.32877 -0.751483 -0.763844 -0.719895
2.34834 -0.766431 -0.749138 -0.734639
2.36791 -0.781091 -0.73414 -0.749102
2.38748 -0.795458 -0.718854 -0.763277
2.40705 -0.809525 -0.703287 -0.777161
2.42661 -0.823288 -0.687445 -0.790747
2.44618 -0.836741 -0.671334 -0.80403
2.46575 -0.849879 -0.65496 -0.817005
2.48532 -0.862696 -0.638328 -0.829667
2.50489 -0.875188 -0.621445 -0.842012
2.52446 -0.887349 -0.604318 -0.854034
2.54403 -0.899175 -0.586953 -0.865729
2.5636 -0.910662 -0.569357 -0.877092
2.58317 -0.921804 -0.551536 -0.88812
2.60274 -0.932597 -0.533497 -0.898807
2.62231 -0.943037 -0.515246 -0.909151
2.64188 -0.95312 -0.496792 -0.919146
2.66145 -0.962842 -0.478139 -0.928789
2.68102 -0.972199 -0.459297 -0.938076
2.70059 -0.981187 -0.440272 -0.947005
2.72016 -0.989803 -0.42107 -0.95557
2.73973 -0.998043 -0.4017 -0.96377
2.7593 -1.0059 -0.382169 -0.9716
2.77886 -1.01338 -0.362484 -0.979059
2.79843 -1.02048 -0.342653 -0.986143
2.818 -1.02718 -0.322683 -0.992848
2.83757 -1.0335 -0.302581 -0.999174
2.85714 -1.03942 -0.282356 -1.00512
2.87671 -1.04494 -0.262015 -1.01068
2.89628 -1.05007 -0.241566 -1.01585
2.91585 -1.0548 -0.221017 -1.02063
2.93542 -1.05912 -0.200375 -1.02502
2.95499 -1.06305 -0.179649 -1.02902
2.97456 -1.06656 -0.158845 -1.03262
2.99413 -1.06967 -0.137973 -1.03583
3.0137 -1.07237 -0.117041 -1.03864
3.03327 -1.07466 -0.0960548 -1.04106
3.05284 -1.07654 -0.0750243 -1.04308
3.07241 -1.07801 -0.053957 -1.04469
3.09198 -1.07906 -0.0328609 -1.04591
3.11155 -1.07971 -0.0117442 -1.04672
3.13112 -1.07994 0.00938507 -1.04714
3.15068 -1.07975 0.0305189 -1.04715
3.17025 -1.07916 0.0516491 -1.04677
3.18982 -1.07815 0.0727676 -1.04598
3.20939 -1.07672 0.0938663 -1.04479
3.22896 -1.07488 0.114937 -1.0432
3.24853 -1.07263 0.135972 -1.04122
3.2681 -1.06997 0.156963 -1.03883
3.28767 -1.0669 0.177902 -1.03604
3.30724 -1.06342 0.198781 -1.03286
3.32681 -1.05953 0.219591 -1.02929
3.34638 -1.05523 0.240326 -1.02532
3.36595 -1.05053 0.260976 -1.02095
3.38552 -1.04542 0.281534 -1.0162
3.40509 -1.03991 0.301993 -1.01105
3.42466 -1.034 0.322343 -1.00552
3.44423 -1.0277 0.342578 -0.999607
3.4638 -1.02099 0.36269 -0.993309
3.48337 -1.01389 0.38267 -0.98663
3.50294 -1.00641 0.402511 -0.979573
3.5225 -0.998529 0.422206 -0.972141
3.54207 -0.990266 0.441747 -0.964336
3.56164 -0.981622 0.461126 -0.956163
3.58121 -0.972598 0.480336 -0.947623
3.60078 -0.963198 0.499369 -0.93872
3.62035 -0.953425 0.518218 -0.929458
3.63992 -0.943284 0.536876 -0.91984
3.65949 -0.932778 0.555336 -0.90987
3.67906 -0.92191 0.57359 -0.899551
3.69863 -0.910685 0.591631 -0.888888
3.7182 -0.899107 0.609453 -0.877884
3.73777 -0.887181 0.627048 -0.866544
3.75734 -0.87491 0.644409 -0.854872
3.77691 -0.862299 0.661531 -0.842873
3.79648 -0.849353 0.678406 -0.830551
3.81605 -0.836077 0.695027 -0.817911
3.83562 -0.822476 0.711389 -0.804958
3.85519 -0.808554 0.727484 -0.791697
3.87476 -0.794318 0.743307 -0.778132
3.89432 -0.779772 0.758851 -0.76427
3.91389 -0.764921 0.774111 -0.750114
3.93346 -0.749772 0.78908 -0.735672
3.95303 -0.734331 0.803753 -0.720948
3.9726 -0.718602 0.818123 -0.705947
3.99217 -0.702591 0.832186 -0.690677
4.01174 -0.686306 0.845935 -0.675141
4.03131 -0.669751 0.859366 -0.659348
4.05088 -0.652934 0.872473 -0.643302
4.07045 -0.63586 0.88525 -0.627009
4.09002 -0.618536 0.897694 -0.610476
4.10959 -0.600969 0.909798 -0.59371
4.12916 -0.583165 0.921559 -0.576716
4.14873 -0.56513 0.932971 -0.559501
4.1683 -0.546873 0.94403 -0.542072
4.18787 -0.528398 0.954732 -0.524436
4.20744 -0.509715 0.965073 -0.506599
4.22701 -0.490829 0.975047 -0.488567
4.24658 -0.471748 0.984653 -0.470349
4.26614 -0.452478 0.993885 -0.45195
4.28571 -0.433029 1.00274 -0.433378
4.30528 -0.413406 1.01121 -0.414641
4.32485 -0.393617 1.0193 -0.395744
4.34442 -0.373669 1.02701 -0.376696
4.36399 -0.353571 1.03432 -0.357504
4.38356 -0.33333 1.04124 -0.338175
4.40313 -0.312954 1.04776 -0.318716
4.4227 -0.29245 1.05389 -0.299136
4.44227 -0.271826 1.05961 -0.279441
4.46184 -0.25109 1.06493 -0.259638
4.48141 -0.23025 1.06984 -0.239737
4.50098 -0.209313 1.07435 -0.219743
4.52055 -0.188289 1.07844 -0.199665
4.54012 -0.167184 1.08213 -0.179511
4.55969 -0.146008 1.0854 -0.159289
4.57926 -0.124767 1.08826 -0.139005
4.59883 -0.10347 1.0907 -0.118668
4.6184 -0.082126 1.09272 -0.0982851
4.63796 -0.060742 1.09433 -0.0778649
4.65753 -0.0393265 1.09552 -0.0574149
4.6771 -0.0178878 1.09629 -0.036943
4.69667 0.00356603 1.09664 -0.0164569
4.71624 0.0250267 1.09657 0.00403556
4.73581 0.046486 1.09608 0.0245264
4.75538 0.0679357 1.09517 0.0450079
4.77495 0.0893676 1.09384 0.0654721
4.79452 0.110773 1.09209 0.0859113
4.81409 0.132145 1.08992 0.106318
4.83366 0.153474 1.08734 0.126683
4.85323 0.174753 1.08433 0.147
4.8728 0.195973 1.08092 0.167261
4.89237 0.217126 1.07708 0.187458
4.91194 0.238204 1.07283 0.207583
4.93151 0.259198 1.06817 0.227628
4.95108 0.280102 1.0631 0.247586
4.97065 0.300906 1.05762 0.26745
4.99022 0.321603 1.05173 0.287211
5.00978 0.342185 1.04543 0.306862
5.02935 0.362644 1.03874 0.326395
5.04892 0.382971 1.03164 0.345804
5.06849 0.40316 1.02415 0.36508
5.08806 0.423202 1.01626 0.384216
5.10763 0.443089 1.00797 0.403205
5.1272 0.462815 0.999303 0.42204
5.14677 0.482371 0.990246 0.440713
5.16634 0.501749 0.980806 0.459217
5.18591 0.520943 0.970988 0.477546
5.20548 0.539945 0.960793 0.495691
5.22505 0.558747 0.950227 0.513647
5.24462 0.577342 0.939292 0.531406
5.26419 0.595724 0.927994 0.548962
5.28376 0.613884 0.916336 0.566307
5.30333 0.631816 0.904322 0.583436
5.3229 0.649514 0.891958 0.600341
5.34247 0.666969 0.879247 0.617016
5.36204 0.684175 0.866195 0.633455
5.3816 0.701126 0.852806 0.649651
5.40117 0.717815 0.839086 0.665599
5.42074 0.734236 0.825038 0.681291
5.44031 0.750381 0.81067 0.696723
5.45988 0.766245 0.795985 0.711888
5.47945 0.781823 0.78099 0.72678
5.49902 0.797106 0.76569 0.741394
5.51859 0.81209 0.750091 0.755724
5.53816 0.826769 0.734199 0.769765
5.55773 0.841137 0.71802 0.78351
5.5773 0.855188 0.701559 0.796956
5.59687 0.868917 0.684824 0.810097
5.61644 0.882319 0.667819 0.822927
5.63601 0.895388 0.650553 0.835442
5.65558 0.908119 0.633031 0.847638
5.67515 0.920507 0.615259 0.859508
5.69472 0.932547 0.597245 0.87105
5.71429 0.944235 0.578996 0.882258
5.73386 0.955566 0.560518 0.893128
5.75342 0.966535 0.541818 0.903656
5.77299 0.977138 0.522903 0.913838
5.79256 0.987371 0.503781 0.92367
5.81213 0.997229 0.484459 0.933149
5.8317 1.00671 0.464944 0.94227
5.85127 1.01581 0.445243 0.95103
5.87084 1.02452 0.425364 0.959426
5.89041 1.03285 0.405315 0.967454
5.90998 1.04078 0.385102 0.975112
5.92955 1.04831 0.364735 0.982397
5.94912 1.05545 0.34422 0.989305
5.96869 1.06219 0.323565 0.995835
5.98826 1.06852 0.302779 1.00198
6.00783 1.07445 0.281868 1.00775
6.0274 1.07996 0.260842 1.01313
6.04697 1.08507 0.239708 1.01812
6.06654 1.08976 0.218474 1.02272
6.08611 1.09403 0.197148 1.02693
6.10568 1.09789 0.175738 1.03074
6.12524 1.10133 0.154253 1.03416
6.14481 1.10435 0.1327 1.03719
6.16438 1.10694 0.111089 1.03982
6.18395 1.10912 0.0894267 1.04205
6.20352 1.11087 0.0677218 1.04388
6.22309 1.11219 0.0459827 1.04531
6.24266 1.11309 0.0242176 1.04634
6.26223 1.11357 0.00243497 1.04697
6.2818 1.11362 -0.019357 1.0472
6.30137 1.11324 -0.0411498 1.04702
6.32094 1.11243 -0.0629353 1.04645
6.34051 1.1112 -0.084705 1.04548
6.36008 1.10954 -0.106451 1.0441
6.37965 1.10746 -0.128164 1.04233
6.39922 1.10495 -0.149836 1.04016
6.41879 1.10202 -0.171459 1.03758
6.43836 1.09866 -0.193025 1.03462
6.45793 1.09489 -0.214526 1.03125
6.4775 1.09069 -0.235952 1.02749
6.49706 1.08607 -0.257296 1.02334
6.51663 1.08104 -0.27855 1.01879
6.5362 1.07558 -0.299705 1.01386
6.55577 1.06972 -0.320754 1.00853
6.57534 1.06344 -0.341688 1.00282
6.59491 1.05676 -0.362499 0.996728
6.61448 1.04966 -0.383179 0.990253
6.63405 1.04216 -0.40372 0.983398
6.65362 1.03426 -0.424115 0.976166
6.67319 1.02596 -0.444355 0.968561
6.69276 1.01727 -0.464432 0.960584
6.71233 1.00818 -0.48434 0.95224
6.7319 0.9987 -0.504069 0.943531
6.75147 0.988836 -0.523613 0.934461
6.77104 0.978589 -0.542964 0.925033
6.79061 0.967963 -0.562115 0.915251
6.81018 0.956963 -0.581057 0.905118
6.82975 0.945592 -0.599784 0.894639
6.84932 0.933854 -0.618289 0.883817
6.86888 0.921755 -0.636564 0.872657
6.88845 0.909298 -0.654602 0.861162
6.90802 0.896487 -0.672397 0.849338
6.92759 0.883329 -0.689941 0.837188
6.94716 0.869827 -0.707227 0.824718
6.96673 0.855987 -0.724249 0.811932
6.9863 0.841814 -0.741 0.798835
7.00587 0.827313 -0.757474 0.785432
7.02544 0.81249 -0.773664 0.771728
7.04501 0.797349 -0.789564 0.757729
7.06458 0.781898 -0.805168 0.74344
7.08415 0.766141 -0.820469 0.728865
7.10372 0.750085 -0.835462 0.714012
7.12329 0.733736 -0.850141 0.698886
7.14286 0.717099 -0.8645 0.683491
7.16243 0.700181 -0.878533 0.667835
7.182 0.682989 -0.892235 0.651923
7.20157 0.665528 -0.905601 0.635762
7.22114 0.647806 -0.918625 0.619357
7.2407 0.629829 -0.931302 0.602715
7.26027 0.611604 -0.943628 0.585842
7.27984 0.593137 -0.955596 0.568745
7.29941 0.574437 -0.967204 0.55143
7.31898 0.555509 -0.978445 0.533904
7.33855 0.536362 -0.989316 0.516173
7.35812 0.517001 -0.999813 0.498245
7.37769 0.497435 -1.00993 0.480125
7.39726 0.477672 -1.01966 0.461822
7.41683 0.457717 -1.02901 0.443343
7.4364 0.43758 -1.03797 0.424693
7.45597 0.417268 -1.04653 0.405881
7.47554 0.396788 -1.0547 0.386913
7.49511 0.376148 -1.06246 0.367797
7.51468 0.355356 -1.06982 0.34854
7.53425 0.33442 -1.07678 0.32915
7.55382 0.313348 -1.08332 0.309634
7.57339 0.292148 -1.08946 0.289999
7.59295 0.270828 -1.09517 0.270253
7.61252 0.249396 -1.10047 0.250404
7.63209 0.22786 -1.10535 0.230458
7.65166 0.206229 -1.10981 0.210425
7.67123 0.184511 -1.11385 0.190311
7.6908 0.162713 -1.11746 0.170124
7.71037 0.140845 -1.12064 0.149871
7.72994 0.118915 -1.1234 0.129562
7.74951 0.0969304 -1.12573 0.109203
7.76908 0.0749005 -1.12762 0.0888018
7.78865 0.0528335 -1.12909 0.0683668
7.80822 0.0307379 -1.13012 0.0479056
7.82779 0.00862198 -1.13072 0.0274261
7.84736 -0.0135057 -1.13089 0.00693608
7.86693 -0.0356367 -1.13063 -0.0135566
7.8865 -0.0577625 -1.12993 -0.0340441
7.90607 -0.0798746 -1.1288 -0.0545185
7.92564 -0.101965 -1.12724 -0.0749721
7.94521 -0.124024 -1.12524 -0.0953969
7.96477 -0.146044 -1.12282 -0.115785
7.98434 -0.168017 -1.11996 -0.136129
8.00391 -0.189934 -1.11667 -0.156421
8.02348 -0.211787 -1.11295 -0.176653
8.04305 -0.233567 -1.10881 -0.196817
8.06262 -0.255266 -1.10424 -0.216906
8.08219 -0.276875 -1.09924 -0.236912
8.10176 -0.298387 -1.09382 -0.256827
8.12133 -0.319792 -1.08798 -0.276644
8.1409 -0.341083 -1.08173 -0.296355
8.16047 -0.362252 -1.07505 -0.315952
8.18004 -0.38329 -1.06796 -0.335429
8.19961 -0.40419 -1.06046 -0.354777
8.21918 -0.424942 -1.05255 -0.373989
8.23875 -0.44554 -1.04424 -0.393057
8.25832 -0.465975 -1.03552 -0.411976
8.27789 -0.48624 -1.0264 -0.430736
8.29746 -0.506326 -1.01688 -0.449332
8.31703 -0.526226 -1.00697 -0.467755
8.33659 -0.545932 -0.996675 -0.486
8.35616 -0.565436 -0.985992 -0.504058
8.37573 -0.584732 -0.974927 -0.521923
8.3953 -0.60381 -0.963484 -0.539589
8.41487 -0.622665 -0.951667 -0.557047
8.43444 -0.641289 -0.939482 -0.574293
8.45401 -0.659674 -0.926933 -0.591318
8.47358 -0.677814 -0.914023 -0.608117
8.49315 -0.695701 -0.900759 -0.624683
8.51272 -0.713328 -0.887144 -0.64101
8.53229 -0.730689 -0.873185 -0.657092
8.55186 -0.747777 -0.858885 -0.672922
8.57143 -0.764585 -0.844252 -0.688494
8.591 -0.781106 -0.829289 -0.703802
8.61057 -0.797335 -0.814004 -0.718841
8.63014 -0.813264 -0.7984 -0.733605
8.64971 -0.828889 -0.782485 -0.748088
8.66928 -0.844202 -0.766264 -0.762284
8.68885 -0.859197 -0.749743 -0.776188
8.70841 -0.873869 -0.732929 -0.789795
8.72798 -0.888212 -0.715828 -0.8031
8.74755 -0.90222 -0.698446 -0.816097
8.76712 -0.915889 -0.68079 -0.828781
8.78669 -0.929211 -0.662867 -0.841149
8.80626 -0.942183 -0.644683 -0.853194
8.82583 -0.954799 -0.626245 -0.864912
8.8454 -0.967055 -0.60756 -0.876299
8.86497 -0.978944 -0.588635 -0.887351
8.88454 -0.990464 -0.569478 -0.898062
8.90411 -1.00161 -0.550095 -0.90843
8.92368 -1.01237 -0.530494 -0.91845
8.94325 -1.02275 -0.510682 -0.928118
8.96282 -1.03275 -0.490668 -0.937431
8.98239 -1.04235 -0.470457 -0.946385
9.00196 -1.05156 -0.450059 -0.954976
9.02153 -1.06036 -0.429481 -0.963202
9.0411 -1.06877 -0.40873 -0.971059
9.06067 -1.07677 -0.387815 -0.978543
9.08023 -1.08436 -0.366743 -0.985654
9.0998 -1.09153 -0.345522 -0.992386
9.11937 -1.0983 -0.324162 -0.998739
9.13894 -1.10464 -0.302669 -1.00471
9.15851 -1.11056 -0.281051 -1.01029
9.17808 -1.11606 -0.259318 -1.01549
9.19765 -1.12114 -0.237478 -1.0203
9.21722 -1.12578 -0.215537 -1.02472
9.23679 -1.13 -0.193506 -1.02875
9.25636 -1.13379 -0.171393 -1.03238
9.27593 -1.13714 -0.149205 -1.03562
9.2955 -1.14006 -0.126952 -1.03846
9.31507 -1.14255 -0.104642 -1.0409
9.33464 -1.1446 -0.0822825 -1.04295
9.35421 -1.14621 -0.0598833 -1.04459
9.37378 -1.14738 -0.0374527 -1.04584
9.39335 -1.14811 -0.0149991 -1.04668
9.41292 -1.1484 0.00746879 -1.04712
9.43249 -1.14826 0.0299425 -1.04717
9.45205 -1.14767 0.0524133 -1.04681
9.47162 -1.14665 0.0748726 -1.04605
9.49119 -1.14518 0.0973118 -1.04489
9.51076 -1.14328 0.119722 -1.04333
9.53033 -1.14093 0.142096 -1.04137
9.5499 -1.13815 0.164423 -1.03901
9.56947 -1.13494 0.186696 -1.03625
9.58904 -1.13128 0.208906 -1.0331
9.60861 -1.12719 0.231045 -1.02955
9.62818 -1.12267 0.253104 -1.02561
9.64775 -1.11772 0.275074 -1.02127
9.66732 -1.11234 0.296947 -1.01655
9.68689 -1.10652 0.318715 -1.01143
9.70646 -1.10029 0.340369 -1.00593
9.72603 -1.09363 0.361901 -1.00004
9.7456 -1.08654 0.383302 -0.993767
9.76517 -1.07904 0.404566 -0.987115
9.78474 -1.07113 0.425682 -0.980084
9.80431 -1.0628 0.446643 -0.972679
9.82387 -1.05406 0.467442 -0.964901
9.84344 -1.04491 0.488069 -0.956753
9.86301 -1.03536 0.508517 -0.948239
9.88258 -1.02541 0.528779 -0.939362
9.90215 -1.01506 0.548845 -0.930125
9.92172 -1.00432 0.568709 -0.920532
9.94129 -0.993188 0.588363 -0.910587
9.96086 -0.981674 0.6078 -0.900292
9.98043 -0.969779 0.62701 -0.889653
10 -0.957509 0.645988 -0.878674
